areaType,areaName,areaCode,date,newDeaths28DaysByDeathDate,cumDeaths28DaysByDeathDate
overview,United Kingdom,K02000001,2020-11-19,340,54751
overview,United Kingdom,K02000001,2020-11-18,407,54411
overview,United Kingdom,K02000001,2020-11-17,391,54004
overview,United Kingdom,K02000001,2020-11-16,387,53613
overview,United Kingdom,K02000001,2020-11-15,407,53226
overview,United Kingdom,K02000001,2020-11-14,393,52819
overview,United Kingdom,K02000001,2020-11-13,408,52426
overview,United Kingdom,K02000001,2020-11-12,393,52018
overview,United Kingdom,K02000001,2020-11-11,383,51625
overview,United Kingdom,K02000001,2020-11-10,386,51242
overview,United Kingdom,K02000001,2020-11-09,469,50856
overview,United Kingdom,K02000001,2020-11-08,410,50387
overview,United Kingdom,K02000001,2020-11-07,376,49977
overview,United Kingdom,K02000001,2020-11-06,394,49601
overview,United Kingdom,K02000001,2020-11-05,379,49207
overview,United Kingdom,K02000001,2020-11-04,325,48828
overview,United Kingdom,K02000001,2020-11-03,356,48503
overview,United Kingdom,K02000001,2020-11-02,329,48147
overview,United Kingdom,K02000001,2020-11-01,356,47818
overview,United Kingdom,K02000001,2020-10-31,319,47462
overview,United Kingdom,K02000001,2020-10-30,338,47143
overview,United Kingdom,K02000001,2020-10-29,310,46805
overview,United Kingdom,K02000001,2020-10-28,281,46495
overview,United Kingdom,K02000001,2020-10-27,266,46214
overview,United Kingdom,K02000001,2020-10-26,276,45948
overview,United Kingdom,K02000001,2020-10-25,247,45672
overview,United Kingdom,K02000001,2020-10-24,211,45425
overview,United Kingdom,K02000001,2020-10-23,222,45214
overview,United Kingdom,K02000001,2020-10-22,234,44992
overview,United Kingdom,K02000001,2020-10-21,222,44758
overview,United Kingdom,K02000001,2020-10-20,194,44536
overview,United Kingdom,K02000001,2020-10-19,190,44342
overview,United Kingdom,K02000001,2020-10-18,158,44152
overview,United Kingdom,K02000001,2020-10-17,175,43994
overview,United Kingdom,K02000001,2020-10-16,146,43819
overview,United Kingdom,K02000001,2020-10-15,151,43673
overview,United Kingdom,K02000001,2020-10-14,114,43522
overview,United Kingdom,K02000001,2020-10-13,110,43408
overview,United Kingdom,K02000001,2020-10-12,111,43298
overview,United Kingdom,K02000001,2020-10-11,122,43187
overview,United Kingdom,K02000001,2020-10-10,103,43065
overview,United Kingdom,K02000001,2020-10-09,79,42962
overview,United Kingdom,K02000001,2020-10-08,92,42883
overview,United Kingdom,K02000001,2020-10-07,101,42791
overview,United Kingdom,K02000001,2020-10-06,69,42690
overview,United Kingdom,K02000001,2020-10-05,69,42621
overview,United Kingdom,K02000001,2020-10-04,60,42552
overview,United Kingdom,K02000001,2020-10-03,66,42492
overview,United Kingdom,K02000001,2020-10-02,68,42426
overview,United Kingdom,K02000001,2020-10-01,66,42358
overview,United Kingdom,K02000001,2020-09-30,57,42292
overview,United Kingdom,K02000001,2020-09-29,48,42235
overview,United Kingdom,K02000001,2020-09-28,54,42187
overview,United Kingdom,K02000001,2020-09-27,46,42133
overview,United Kingdom,K02000001,2020-09-26,40,42087
overview,United Kingdom,K02000001,2020-09-25,32,42047
overview,United Kingdom,K02000001,2020-09-24,35,42015
overview,United Kingdom,K02000001,2020-09-23,56,41980
overview,United Kingdom,K02000001,2020-09-22,38,41924
overview,United Kingdom,K02000001,2020-09-21,27,41886
overview,United Kingdom,K02000001,2020-09-20,31,41859
overview,United Kingdom,K02000001,2020-09-19,20,41828
overview,United Kingdom,K02000001,2020-09-18,23,41808
overview,United Kingdom,K02000001,2020-09-17,27,41785
overview,United Kingdom,K02000001,2020-09-16,26,41758
overview,United Kingdom,K02000001,2020-09-15,17,41732
overview,United Kingdom,K02000001,2020-09-14,21,41715
overview,United Kingdom,K02000001,2020-09-13,16,41694
overview,United Kingdom,K02000001,2020-09-12,18,41678
overview,United Kingdom,K02000001,2020-09-11,13,41660
overview,United Kingdom,K02000001,2020-09-10,13,41647
overview,United Kingdom,K02000001,2020-09-09,9,41634
overview,United Kingdom,K02000001,2020-09-08,9,41625
overview,United Kingdom,K02000001,2020-09-07,15,41616
overview,United Kingdom,K02000001,2020-09-06,8,41601
overview,United Kingdom,K02000001,2020-09-05,13,41593
overview,United Kingdom,K02000001,2020-09-04,7,41580
overview,United Kingdom,K02000001,2020-09-03,10,41573
overview,United Kingdom,K02000001,2020-09-02,9,41563
overview,United Kingdom,K02000001,2020-09-01,3,41554
overview,United Kingdom,K02000001,2020-08-31,9,41551
overview,United Kingdom,K02000001,2020-08-30,6,41542
overview,United Kingdom,K02000001,2020-08-29,5,41536
overview,United Kingdom,K02000001,2020-08-28,10,41531
overview,United Kingdom,K02000001,2020-08-27,8,41521
overview,United Kingdom,K02000001,2020-08-26,11,41513
overview,United Kingdom,K02000001,2020-08-25,12,41502
overview,United Kingdom,K02000001,2020-08-24,6,41490
overview,United Kingdom,K02000001,2020-08-23,14,41484
overview,United Kingdom,K02000001,2020-08-22,8,41470
overview,United Kingdom,K02000001,2020-08-21,7,41462
overview,United Kingdom,K02000001,2020-08-20,8,41455
overview,United Kingdom,K02000001,2020-08-19,3,41447
overview,United Kingdom,K02000001,2020-08-18,9,41444
overview,United Kingdom,K02000001,2020-08-17,12,41435
overview,United Kingdom,K02000001,2020-08-16,4,41423
overview,United Kingdom,K02000001,2020-08-15,12,41419
overview,United Kingdom,K02000001,2020-08-14,7,41407
overview,United Kingdom,K02000001,2020-08-13,9,41400
overview,United Kingdom,K02000001,2020-08-12,7,41391
overview,United Kingdom,K02000001,2020-08-11,10,41384
overview,United Kingdom,K02000001,2020-08-10,13,41374
overview,United Kingdom,K02000001,2020-08-09,8,41361
overview,United Kingdom,K02000001,2020-08-08,14,41353
overview,United Kingdom,K02000001,2020-08-07,12,41339
overview,United Kingdom,K02000001,2020-08-06,9,41327
overview,United Kingdom,K02000001,2020-08-05,6,41318
overview,United Kingdom,K02000001,2020-08-04,14,41312
overview,United Kingdom,K02000001,2020-08-03,15,41298
overview,United Kingdom,K02000001,2020-08-02,10,41283
overview,United Kingdom,K02000001,2020-08-01,11,41273
overview,United Kingdom,K02000001,2020-07-31,14,41262
overview,United Kingdom,K02000001,2020-07-30,10,41248
overview,United Kingdom,K02000001,2020-07-29,12,41238
overview,United Kingdom,K02000001,2020-07-28,12,41226
overview,United Kingdom,K02000001,2020-07-27,11,41214
overview,United Kingdom,K02000001,2020-07-26,16,41203
overview,United Kingdom,K02000001,2020-07-25,15,41187
overview,United Kingdom,K02000001,2020-07-24,7,41172
overview,United Kingdom,K02000001,2020-07-23,16,41165
overview,United Kingdom,K02000001,2020-07-22,17,41149
overview,United Kingdom,K02000001,2020-07-21,20,41132
overview,United Kingdom,K02000001,2020-07-20,12,41112
overview,United Kingdom,K02000001,2020-07-19,14,41100
overview,United Kingdom,K02000001,2020-07-18,14,41086
overview,United Kingdom,K02000001,2020-07-17,18,41072
overview,United Kingdom,K02000001,2020-07-16,13,41054
overview,United Kingdom,K02000001,2020-07-15,20,41041
overview,United Kingdom,K02000001,2020-07-14,21,41021
overview,United Kingdom,K02000001,2020-07-13,24,41000
overview,United Kingdom,K02000001,2020-07-12,13,40976
overview,United Kingdom,K02000001,2020-07-11,22,40963
overview,United Kingdom,K02000001,2020-07-10,21,40941
overview,United Kingdom,K02000001,2020-07-09,37,40920
overview,United Kingdom,K02000001,2020-07-08,24,40883
overview,United Kingdom,K02000001,2020-07-07,27,40859
overview,United Kingdom,K02000001,2020-07-06,35,40832
overview,United Kingdom,K02000001,2020-07-05,27,40797
overview,United Kingdom,K02000001,2020-07-04,33,40770
overview,United Kingdom,K02000001,2020-07-03,29,40737
overview,United Kingdom,K02000001,2020-07-02,43,40708
overview,United Kingdom,K02000001,2020-07-01,27,40665
overview,United Kingdom,K02000001,2020-06-30,47,40638
overview,United Kingdom,K02000001,2020-06-29,39,40591
overview,United Kingdom,K02000001,2020-06-28,43,40552
overview,United Kingdom,K02000001,2020-06-27,49,40509
overview,United Kingdom,K02000001,2020-06-26,42,40460
overview,United Kingdom,K02000001,2020-06-25,67,40418
overview,United Kingdom,K02000001,2020-06-24,75,40351
overview,United Kingdom,K02000001,2020-06-23,63,40276
overview,United Kingdom,K02000001,2020-06-22,64,40213
overview,United Kingdom,K02000001,2020-06-21,54,40149
overview,United Kingdom,K02000001,2020-06-20,60,40095
overview,United Kingdom,K02000001,2020-06-19,52,40035
overview,United Kingdom,K02000001,2020-06-18,61,39983
overview,United Kingdom,K02000001,2020-06-17,58,39922
overview,United Kingdom,K02000001,2020-06-16,84,39864
overview,United Kingdom,K02000001,2020-06-15,70,39780
overview,United Kingdom,K02000001,2020-06-14,87,39710
overview,United Kingdom,K02000001,2020-06-13,62,39623
overview,United Kingdom,K02000001,2020-06-12,79,39561
overview,United Kingdom,K02000001,2020-06-11,80,39482
overview,United Kingdom,K02000001,2020-06-10,109,39402
overview,United Kingdom,K02000001,2020-06-09,90,39293
overview,United Kingdom,K02000001,2020-06-08,123,39203
overview,United Kingdom,K02000001,2020-06-07,127,39080
overview,United Kingdom,K02000001,2020-06-06,111,38953
overview,United Kingdom,K02000001,2020-06-05,122,38842
overview,United Kingdom,K02000001,2020-06-04,134,38720
overview,United Kingdom,K02000001,2020-06-03,155,38586
overview,United Kingdom,K02000001,2020-06-02,169,38431
overview,United Kingdom,K02000001,2020-06-01,135,38262
overview,United Kingdom,K02000001,2020-05-31,126,38127
overview,United Kingdom,K02000001,2020-05-30,163,38001
overview,United Kingdom,K02000001,2020-05-29,186,37838
overview,United Kingdom,K02000001,2020-05-28,217,37652
overview,United Kingdom,K02000001,2020-05-27,195,37435
overview,United Kingdom,K02000001,2020-05-26,211,37240
overview,United Kingdom,K02000001,2020-05-25,201,37029
overview,United Kingdom,K02000001,2020-05-24,195,36828
overview,United Kingdom,K02000001,2020-05-23,216,36633
overview,United Kingdom,K02000001,2020-05-22,222,36417
overview,United Kingdom,K02000001,2020-05-21,237,36195
overview,United Kingdom,K02000001,2020-05-20,268,35958
overview,United Kingdom,K02000001,2020-05-19,274,35690
overview,United Kingdom,K02000001,2020-05-18,293,35416
overview,United Kingdom,K02000001,2020-05-17,266,35123
overview,United Kingdom,K02000001,2020-05-16,314,34857
overview,United Kingdom,K02000001,2020-05-15,311,34543
overview,United Kingdom,K02000001,2020-05-14,333,34232
overview,United Kingdom,K02000001,2020-05-13,316,33899
overview,United Kingdom,K02000001,2020-05-12,320,33583
overview,United Kingdom,K02000001,2020-05-11,308,33263
overview,United Kingdom,K02000001,2020-05-10,347,32955
overview,United Kingdom,K02000001,2020-05-09,378,32608
overview,United Kingdom,K02000001,2020-05-08,381,32230
overview,United Kingdom,K02000001,2020-05-07,460,31849
overview,United Kingdom,K02000001,2020-05-06,461,31389
overview,United Kingdom,K02000001,2020-05-05,463,30928
overview,United Kingdom,K02000001,2020-05-04,483,30465
overview,United Kingdom,K02000001,2020-05-03,449,29982
overview,United Kingdom,K02000001,2020-05-02,493,29533
overview,United Kingdom,K02000001,2020-05-01,567,29040
overview,United Kingdom,K02000001,2020-04-30,548,28473
overview,United Kingdom,K02000001,2020-04-29,570,27925
overview,United Kingdom,K02000001,2020-04-28,559,27355
overview,United Kingdom,K02000001,2020-04-27,595,26796
overview,United Kingdom,K02000001,2020-04-26,632,26201
overview,United Kingdom,K02000001,2020-04-25,646,25569
overview,United Kingdom,K02000001,2020-04-24,682,24923
overview,United Kingdom,K02000001,2020-04-23,674,24241
overview,United Kingdom,K02000001,2020-04-22,728,23567
overview,United Kingdom,K02000001,2020-04-21,742,22839
overview,United Kingdom,K02000001,2020-04-20,782,22097
overview,United Kingdom,K02000001,2020-04-19,761,21315
overview,United Kingdom,K02000001,2020-04-18,799,20554
overview,United Kingdom,K02000001,2020-04-17,819,19755
overview,United Kingdom,K02000001,2020-04-16,838,18936
overview,United Kingdom,K02000001,2020-04-15,878,18098
overview,United Kingdom,K02000001,2020-04-14,859,17220
overview,United Kingdom,K02000001,2020-04-13,893,16361
overview,United Kingdom,K02000001,2020-04-12,956,15468
overview,United Kingdom,K02000001,2020-04-11,955,14512
overview,United Kingdom,K02000001,2020-04-10,941,13557
overview,United Kingdom,K02000001,2020-04-09,998,12616
overview,United Kingdom,K02000001,2020-04-08,1073,11618
overview,United Kingdom,K02000001,2020-04-07,999,10545
overview,United Kingdom,K02000001,2020-04-06,892,9546
overview,United Kingdom,K02000001,2020-04-05,914,8654
overview,United Kingdom,K02000001,2020-04-04,904,7740
overview,United Kingdom,K02000001,2020-04-03,839,6836
overview,United Kingdom,K02000001,2020-04-02,805,5997
overview,United Kingdom,K02000001,2020-04-01,767,5192
overview,United Kingdom,K02000001,2020-03-31,661,4425
overview,United Kingdom,K02000001,2020-03-30,585,3764
overview,United Kingdom,K02000001,2020-03-29,507,3179
overview,United Kingdom,K02000001,2020-03-28,436,2672
overview,United Kingdom,K02000001,2020-03-27,399,2236
overview,United Kingdom,K02000001,2020-03-26,359,1837
overview,United Kingdom,K02000001,2020-03-25,302,1478
overview,United Kingdom,K02000001,2020-03-24,237,1176
overview,United Kingdom,K02000001,2020-03-23,186,939
overview,United Kingdom,K02000001,2020-03-22,165,753
overview,United Kingdom,K02000001,2020-03-21,131,588
overview,United Kingdom,K02000001,2020-03-20,109,457
overview,United Kingdom,K02000001,2020-03-19,74,348
overview,United Kingdom,K02000001,2020-03-18,68,274
overview,United Kingdom,K02000001,2020-03-17,52,206
overview,United Kingdom,K02000001,2020-03-16,46,154
overview,United Kingdom,K02000001,2020-03-15,32,108
overview,United Kingdom,K02000001,2020-03-14,22,76
overview,United Kingdom,K02000001,2020-03-13,16,54
overview,United Kingdom,K02000001,2020-03-12,13,38
overview,United Kingdom,K02000001,2020-03-11,8,25
overview,United Kingdom,K02000001,2020-03-10,3,17
overview,United Kingdom,K02000001,2020-03-09,5,14
overview,United Kingdom,K02000001,2020-03-08,3,9
overview,United Kingdom,K02000001,2020-03-07,0,6
overview,United Kingdom,K02000001,2020-03-06,0,6
overview,United Kingdom,K02000001,2020-03-05,3,6
overview,United Kingdom,K02000001,2020-03-04,0,3
overview,United Kingdom,K02000001,2020-03-03,2,3
overview,United Kingdom,K02000001,2020-03-02,1,1
overview,United Kingdom,K02000001,2020-03-01,0,
overview,United Kingdom,K02000001,2020-02-29,0,
